#H1
kk=-13
q=3

L=[]
for i in range(len(divisors(396))):
    if Integers(2)(divisors(396)[i])==0 and is_prime(divisors(396)[i]+1) and divisors(396)[i]+1!=abs(kk) and divisors(396)[i]+1!=q and divisors(396)[i]+1<200:
        L.append(divisors(396)[i]+1)
print(q,'L=',L)

#求cl
f = Newforms(2^5*abs(kk)*q, names='a')
for i in range(10):
    C=f[i].padded_list(200)#求系数
    clf=[]
    for j in range(len(L)):
        l=L[j]
        clf.append(C[l])
    print('clf=',clf)

    l=5
    cl=clf[0]
    BS=[1,2,3,4]
    BT=[2,1,2,0]
    Est=[]
    F11=Integers(11)
    for i in range(len(BS)):
        s=BS[i]
        t=BT[i]
        E=[0,2*t,0,t^2-s^11,0]#代入s和t得到的椭圆曲线
        Est.append(E)
    #print('Est',Est)#根据s和t的值得到的j=1时所有的椭圆曲线


    C1S=[]
    C1T=[]
    for j in range(len(Est)):
        F=GF(l)
        Est1=EllipticCurve(F,Est[j])
        alE=l+1-Est1.cardinality()#计算al（Est1）
        result=F11(alE-cl)
        if result==0:#判断Norm条件
            C1S.append(BS[j])
            C1T.append(BT[j])
            #print(Est[j])#得到满足Norm条件的曲线以及对应的s和t的值
    #print("C1S",C1S,"C1T",C1T)


    D1=[]
    for i in range(len(C1S)):
        s=C1S[i]
        t=C1T[i]
        d=Integers(l)(t^2-s^11)
        D1.append(d)
    D1=sorted(set(D1),key=D1.index)
    #print("D1",D1)

    G5=[]
    for b in range(396):
        if Integers(4)(kk*q^b)==3 and Integers(11)(b)!=0 and Integers(l)(kk*q^b) in D1:
            G5.append(b)
    print("G5=",G5)



    l=7
    cl=clf[1]
    BS=[1, 2, 3, 4 ,5, 6]
    BT=[2, 4, 0, 1, 0, 0]
    Est=[]
    F11=Integers(11)
    for i in range(len(BS)):
        s=BS[i]
        t=BT[i]
        E=[0,2*t,0,t^2-s^11,0]#代入s和t得到的椭圆曲线
        Est.append(E)
    #print('Est',Est)#根据s和t的值得到的j=1时所有的椭圆曲线


    C1S=[]
    C1T=[]
    for j in range(len(Est)):
        F=GF(l)
        Est1=EllipticCurve(F,Est[j])
        alE=l+1-Est1.cardinality()#计算al（Est1）
        result=F11(alE-cl)
        if result==0:#判断Norm条件
            C1S.append(BS[j])
            C1T.append(BT[j])
            #print(Est[j])#得到满足Norm条件的曲线以及对应的s和t的值
    #print("C1S",C1S,"C1T",C1T)


    D1=[]
    for i in range(len(C1S)):
        s=C1S[i]
        t=C1T[i]
        d=Integers(l)(t^2-s^11)
        D1.append(d)
    #print("D1",D1)


    G7=[]
    for k in range(len(G5)):
        b=G5[k]
        if Integers(4)(kk*q^b)==3 and Integers(11)(b)!=0 and Integers(l)(kk*q^b) in D1:
                G7.append(b)
    print("G7",G7)

3 L= [5, 7, 19, 23, 37, 67, 199]
clf= [-2, -2, 6, 0, 2, -2, 8]
G5= []
G7 []
clf= [-2, 0, -8, 8, -10, -8, 4]
G5= []
G7 []
clf= [0, -2, 2, -8, -6, -2, -24]
G5= [2, 4, 6, 8, 10, 12, 14, 16, 18, 20, 24, 26, 28, 30, 32, 34, 36, 38, 40, 42, 46, 48, 50, 52, 54, 56, 58, 60, 62, 64, 68, 70, 72, 74, 76, 78, 80, 82, 84, 86, 90, 92, 94, 96, 98, 100, 102, 104, 106, 108, 112, 114, 116, 118, 120, 122, 124, 126, 128, 130, 134, 136, 138, 140, 142, 144, 146, 148, 150, 152, 156, 158, 160, 162, 164, 166, 168, 170, 172, 174, 178, 180, 182, 184, 186, 188, 190, 192, 194, 196, 200, 202, 204, 206, 208, 210, 212, 214, 216, 218, 222, 224, 226, 228, 230, 232, 234, 236, 238, 240, 244, 246, 248, 250, 252, 254, 256, 258, 260, 262, 266, 268, 270, 272, 274, 276, 278, 280, 282, 284, 288, 290, 292, 294, 296, 298, 300, 302, 304, 306, 310, 312, 314, 316, 318, 320, 322, 324, 326, 328, 332, 334, 336, 338, 340, 342, 344, 346, 348, 350, 354, 356, 358, 360, 362, 364, 366, 368, 370, 372, 376, 378, 380, 382, 384, 386, 388, 390, 392, 394]
G7 []
clf= [0, 2, 6, 0, 10, 2, -16]
G5= [2, 4, 6, 8, 10, 12, 14, 16, 18, 20, 24, 26, 28, 30, 32, 34, 36, 38, 40, 42, 46, 48, 50, 52, 54, 56, 58, 60, 62, 64, 68, 70, 72, 74, 76, 78, 80, 82, 84, 86, 90, 92, 94, 96, 98, 100, 102, 104, 106, 108, 112, 114, 116, 118, 120, 122, 124, 126, 128, 130, 134, 136, 138, 140, 142, 144, 146, 148, 150, 152, 156, 158, 160, 162, 164, 166, 168, 170, 172, 174, 178, 180, 182, 184, 186, 188, 190, 192, 194, 196, 200, 202, 204, 206, 208, 210, 212, 214, 216, 218, 222, 224, 226, 228, 230, 232, 234, 236, 238, 240, 244, 246, 248, 250, 252, 254, 256, 258, 260, 262, 266, 268, 270, 272, 274, 276, 278, 280, 282, 284, 288, 290, 292, 294, 296, 298, 300, 302, 304, 306, 310, 312, 314, 316, 318, 320, 322, 324, 326, 328, 332, 334, 336, 338, 340, 342, 344, 346, 348, 350, 354, 356, 358, 360, 362, 364, 366, 368, 370, 372, 376, 378, 380, 382, 384, 386, 388, 390, 392, 394]
G7 []
clf= [2, -2, -2, 0, 10, 14, 8]
G5= [2, 6, 10, 14, 18, 26, 30, 34, 38, 42, 46, 50, 54, 58, 62, 70, 74, 78, 82, 86, 90, 94, 98, 102, 106, 114, 118, 122, 126, 130, 134, 138, 142, 146, 150, 158, 162, 166, 170, 174, 178, 182, 186, 190, 194, 202, 206, 210, 214, 218, 222, 226, 230, 234, 238, 246, 250, 254, 258, 262, 266, 270, 274, 278, 282, 290, 294, 298, 302, 306, 310, 314, 318, 322, 326, 334, 338, 342, 346, 350, 354, 358, 362, 366, 370, 378, 382, 386, 390, 394]
G7 []
clf= [-2, 0, 8, -8, -10, 8, -4]
G5= []
G7 []
clf= [-2, 2, -6, 0, 2, 2, -8]
G5= []
G7 []
clf= [0, -2, -6, 0, 10, -2, 16]
G5= [2, 4, 6, 8, 10, 12, 14, 16, 18, 20, 24, 26, 28, 30, 32, 34, 36, 38, 40, 42, 46, 48, 50, 52, 54, 56, 58, 60, 62, 64, 68, 70, 72, 74, 76, 78, 80, 82, 84, 86, 90, 92, 94, 96, 98, 100, 102, 104, 106, 108, 112, 114, 116, 118, 120, 122, 124, 126, 128, 130, 134, 136, 138, 140, 142, 144, 146, 148, 150, 152, 156, 158, 160, 162, 164, 166, 168, 170, 172, 174, 178, 180, 182, 184, 186, 188, 190, 192, 194, 196, 200, 202, 204, 206, 208, 210, 212, 214, 216, 218, 222, 224, 226, 228, 230, 232, 234, 236, 238, 240, 244, 246, 248, 250, 252, 254, 256, 258, 260, 262, 266, 268, 270, 272, 274, 276, 278, 280, 282, 284, 288, 290, 292, 294, 296, 298, 300, 302, 304, 306, 310, 312, 314, 316, 318, 320, 322, 324, 326, 328, 332, 334, 336, 338, 340, 342, 344, 346, 348, 350, 354, 356, 358, 360, 362, 364, 366, 368, 370, 372, 376, 378, 380, 382, 384, 386, 388, 390, 392, 394]
G7 []
clf= [0, 2, -2, 8, -6, 2, 24]
G5= [2, 4, 6, 8, 10, 12, 14, 16, 18, 20, 24, 26, 28, 30, 32, 34, 36, 38, 40, 42, 46, 48, 50, 52, 54, 56, 58, 60, 62, 64, 68, 70, 72, 74, 76, 78, 80, 82, 84, 86, 90, 92, 94, 96, 98, 100, 102, 104, 106, 108, 112, 114, 116, 118, 120, 122, 124, 126, 128, 130, 134, 136, 138, 140, 142, 144, 146, 148, 150, 152, 156, 158, 160, 162, 164, 166, 168, 170, 172, 174, 178, 180, 182, 184, 186, 188, 190, 192, 194, 196, 200, 202, 204, 206, 208, 210, 212, 214, 216, 218, 222, 224, 226, 228, 230, 232, 234, 236, 238, 240, 244, 246, 248, 250, 252, 254, 256, 258, 260, 262, 266, 268, 270, 272, 274, 276, 278, 280, 282, 284, 288, 290, 292, 294, 296, 298, 300, 302, 304, 306, 310, 312, 314, 316, 318, 320, 322, 324, 326, 328, 332, 334, 336, 338, 340, 342, 344, 346, 348, 350, 354, 356, 358, 360, 362, 364, 366, 368, 370, 372, 376, 378, 380, 382, 384, 386, 388, 390, 392, 394]
G7 []
clf= [2, 2, 2, 0, 10, -14, -8]
G5= [2, 6, 10, 14, 18, 26, 30, 34, 38, 42, 46, 50, 54, 58, 62, 70, 74, 78, 82, 86, 90, 94, 98, 102, 106, 114, 118, 122, 126, 130, 134, 138, 142, 146, 150, 158, 162, 166, 170, 174, 178, 182, 186, 190, 194, 202, 206, 210, 214, 218, 222, 226, 230, 234, 238, 246, 250, 254, 258, 262, 266, 270, 274, 278, 282, 290, 294, 298, 302, 306, 310, 314, 318, 322, 326, 334, 338, 342, 346, 350, 354, 358, 362, 366, 370, 378, 382, 386, 390, 394]
G7 []